Script started on 2019-02-04 23:27:39-05:00
bash-4.4$ who am i
ctam86   pts/2        2019-02-04 23:27
bash-4.4$ time java asn1_a
20000
19999
19998
19997
19996
19995
19994
19993
19992
19991
19990
19989
19988
19987
19986
19985
19984
19983
19982
19981
0
1
2
3
4
5
6
7
8
9
10
11
12
13
14
15
16
17
18
19
200000
199999
199998
199997
199996
199995
199994
199993
199992
199991
199990
199989
199988
199987
199986
199985
199984
199983
199982
199981
0
1
2
3
4
5
6
7
8
9
10
11
12
13
14
15
16
17
18
19

real	0m13.017s
user	0m12.334s
sys	0m0.075s
bash-4.4$ exit

Script done on 2019-02-04 23:28:06-05:00
