Script started on 2019-02-04 20:41:50-05:00
bash-4.4$ time java asn1_c
Iteration for when k = 2:
200000000
199999999
199999998
199999997
199999996
199999995
199999994
199999993
199999992
199999991
199999990
199999989
199999988
199999987
199999986
199999985
199999984
199999983
199999982
199999981
0
1
2
3
4
5
6
7
8
9
10
11
12
13
14
15
16
17
18
19
Iteration for when k = 4:
200000000
199999999
199999998
199999997
199999996
199999995
199999994
199999993
199999992
199999991
199999990
199999989
199999988
199999987
199999986
199999985
199999984
199999983
199999982
199999981
0
1
2
3
4
5
6
7
8
9
10
11
12
13
14
15
16
17
18
19
Iteration for when k = 8:
200000000
199999999
199999998
199999997
199999996
199999995
199999994
199999993
199999992
199999991
199999990
199999989
199999988
199999987
199999986
199999985
199999984
199999983
199999982
199999981
0
1
2
3
4
5
6
7
8
9
10
11
12
13
14
15
16
17
18
19
Iteration for when k = 16:
200000000
199999999
199999998
199999997
199999996
199999995
199999994
199999993
199999992
199999991
199999990
199999989
199999988
199999987
199999986
199999985
199999984
199999983
199999982
199999981
0
1
2
3
4
5
6
7
8
9
10
11
12
13
14
15
16
17
18
19
Iteration for when k = 32:
200000000
199999999
199999998
199999997
199999996
199999995
199999994
199999993
199999992
199999991
199999990
199999989
199999988
199999987
199999986
199999985
199999984
199999983
199999982
199999981
0
1
2
3
4
5
6
7
8
9
10
11
12
13
14
15
16
17
18
19
Iteration for when k = 64:
200000000
199999999
199999998
199999997
199999996
199999995
199999994
199999993
199999992
199999991
199999990
199999989
199999988
199999987
199999986
199999985
199999984
199999983
199999982
199999981
0
1
2
3
4
5
6
7
8
9
10
11
12
13
14
15
16
17
18
19

real	1m14.526s
user	1m56.493s
sys	0m6.954s
bash-4.4$ exit

Script done on 2019-02-04 20:45:09-05:00
